#IID	SEX	uncorrected	lat	long	PC	Tvec_Lat	Tvec_Long
HGDP00511		74.1045293133677	74.6728875024808	0.478263460838809	5.21789838892999	-1.78709677419355	-11.5161290322581
HGDP00512		30.7449125259916	28.0351714947902	-10.3249687099269	0.693050191618242	-1.78709677419355	-11.5161290322581
HGDP00513		37.3572020678905	40.4704033176226	1.3795667609267	3.6160604656376	-1.78709677419355	-11.5161290322581
HGDP00514		31.2237236982307	47.7587349182974	4.16906107656336	5.1011588520655	-1.78709677419355	-11.5161290322581
HGDP00515		52.4161539797734	60.5950660493	-11.0691624959133	2.44952217655177	-1.78709677419355	-11.5161290322581
HGDP00516		49.7786230422308	54.743856041165	-3.24488365782195	3.47832246543591	-1.78709677419355	-11.5161290322581
HGDP00517		58.6936611591569	57.731297207541	4.25552478259195	0.983522303590541	-1.78709677419355	-11.5161290322581
HGDP00518		47.1989436524129	47.7126872417709	-4.20437935802097	-4.03538891776498	-1.78709677419355	-11.5161290322581
HGDP00519		56.9075891375895	51.2741200547412	2.17058246675214	1.77951300038593	-1.78709677419355	-11.5161290322581
HGDP00520		16.5559947385638	2.70934857569952	4.48522324557831	-2.6501062808173	-1.78709677419355	-11.5161290322581
HGDP00521		44.7759648383683	34.116665830936	-1.16776058583941	-1.46897095982241	-1.78709677419355	-11.5161290322581
HGDP00522		54.7308384202003	54.9715107945692	-4.77123518709004	5.32868293760551	-1.78709677419355	-11.5161290322581
HGDP00523		72.0673116995128	70.408273702732	-0.425725875280471	4.35196261161864	-1.78709677419355	-11.5161290322581
HGDP00524		42.1346050132319	31.1289789727677	-1.16899580393511	0.261661889424409	-1.78709677419355	-11.5161290322581
HGDP00525		47.8032607974153	30.5522965290182	5.39226497652121	5.2113281974532	-1.78709677419355	-11.5161290322581
HGDP00526		61.091197138942	61.737226008679	-7.87182279850581	-3.79884057010399	-1.78709677419355	-11.5161290322581
HGDP00527		37.7688778220174	43.0943935033251	-3.53270393198236	2.61808964231604	-1.78709677419355	-11.5161290322581
HGDP00528		61.6572565220366	59.9404898493842	-6.91459430835155	-0.225415454879687	-1.78709677419355	-11.5161290322581
HGDP00529		24.7349489778916	17.4074316029594	-6.26696271125585	0.889891385550445	-1.78709677419355	-11.5161290322581
HGDP00530		47.5889505680638	40.6563277786661	2.57805631042854	8.31623051018567	-1.78709677419355	-11.5161290322581
HGDP00531		50.5360623060226	46.1477215044211	-7.37601545205708	-1.64206389313472	-1.78709677419355	-11.5161290322581
HGDP00533		77.351303487313	76.6965166999007	-12.4527360353174	-1.89682915584467	-1.78709677419355	-11.5161290322581
HGDP00534		64.9399327664507	64.8115109008578	3.0879279917932	1.69693262013844	-1.78709677419355	-11.5161290322581
HGDP00535		63.7958774851834	64.9535265071709	-5.76881069695339	-1.95207535200477	-1.78709677419355	-11.5161290322581
HGDP00536		-6.72227200234632	-10.8391357438957	-1.33440187734048	3.35550306589036	-1.78709677419355	-11.5161290322581
HGDP00537		65.1325094485739	58.1402613372895	-3.08360094142276	9.40514896010736	-1.78709677419355	-11.5161290322581
HGDP00538		54.8502675965712	36.3621407222768	2.79425504452634	0.38789446990068	-1.78709677419355	-11.5161290322581
HGDP00539		43.7859350181663	35.4609193262914	-12.3439728955484	0.87471099479149	-1.78709677419355	-11.5161290322581
HGDP00665		18.5341750077052	20.7311759466768	-2.94214629737069	-0.197168940414438	-7.78709677419355	-4.51612903225806
HGDP00666		11.1741345249608	10.0256541949209	-7.72090349865837	-6.9697088344439	-7.78709677419355	-4.51612903225806
HGDP00667		48.2669727283212	44.6755181021579	3.99070744805514	0.315373787820297	-7.78709677419355	-4.51612903225806
HGDP00668		22.5641330408519	23.9562728746953	-3.80931343067678	-11.7884149199299	-7.78709677419355	-4.51612903225806
HGDP00669		39.6807447542389	31.5915660468556	-7.01343443732602	-2.11419473130664	-7.78709677419355	-4.51612903225806
HGDP00670		31.1432181135716	19.9346764639214	-1.62340027803109	-7.59334515424387	-7.78709677419355	-4.51612903225806
HGDP00671		44.4096473872642	34.0205850202794	1.42344292700992	2.36626086796158	-7.78709677419355	-4.51612903225806
HGDP00672		26.1891679479875	4.68881303838076	6.44985290786762	-4.51694774085592	-7.78709677419355	-4.51612903225806
HGDP00673		15.7456070140331	-3.63076324843127	14.4267884217567	-1.87748357266455	-7.78709677419355	-4.51612903225806
HGDP00674		35.4692843242647	21.5356924250433	0.495692346383441	-2.23509054367401	-7.78709677419355	-4.51612903225806
HGDP00794		63.1718661428119	64.8715213275422	-4.83548609180478	-5.03045621627397	11.2129032258065	-16.5161290322581
HGDP00795		59.6157578489653	52.6118100323	-10.692381888127	1.01733293576746	11.2129032258065	-16.5161290322581
HGDP00796		68.9007226898956	66.2204450960157	-8.83549634846999	-3.50164194028496	11.2129032258065	-16.5161290322581
HGDP00797		53.2726124052006	51.6197090303544	-14.5535513520327	3.92037003673545	11.2129032258065	-16.5161290322581
HGDP00798		74.9356615133126	66.0188953152023	-7.65250944183446	3.7808051439519	11.2129032258065	-16.5161290322581
HGDP00799		66.7300574699247	67.0485429190915	-2.21565091889226	2.66950270794791	11.2129032258065	-16.5161290322581
HGDP00800		71.0735345730115	73.6370838149185	-8.14491905768478	-2.16406107652041	11.2129032258065	-16.5161290322581
HGDP00802		58.8570340613703	51.4899131369645	2.91299250914134	4.5330869186735	11.2129032258065	-16.5161290322581
HGDP00803		63.7698447121092	59.3540260253468	-6.87619234463532	-4.34475777112298	11.2129032258065	-16.5161290322581
HGDP00804		78.695025387264	62.6620886351063	-6.4360219623128	1.28230291652618	11.2129032258065	-16.5161290322581
HGDP00805		61.1832217793315	70.077039765518	-3.08066188804276	-4.07007713479195	11.2129032258065	-16.5161290322581
HGDP00806		64.514552491317	71.8403251076416	-9.62632707929332	-0.663121362747992	11.2129032258065	-16.5161290322581
HGDP00807		69.2754066241062	65.1419760687285	-6.53951538167777	7.12740692525745	11.2129032258065	-16.5161290322581
HGDP00808		42.226116184045	29.4698278345572	-4.85513660072016	2.35572794756739	11.2129032258065	-16.5161290322581
HGDP00810		67.9857852364241	65.4800842357667	-9.24069094138667	1.92975016528108	11.2129032258065	-16.5161290322581
HGDP00879		-126.119142267997	-96.8240493074797	5.21814843552406	1.62054565567516	13.2129032258065	26.4838709677419
HGDP00880		-75.8739260933287	-67.3108173125489	1.50330232967622	-0.119033197433243	13.2129032258065	26.4838709677419
HGDP00881		-91.7473017809155	-80.97265351898	5.42634624450821	0.439534315874758	13.2129032258065	26.4838709677419
HGDP00882		-106.132108816172	-91.8874208404405	19.2824332286208	-2.56846617183352	13.2129032258065	26.4838709677419
HGDP00883		-117.661477873749	-103.949784338703	11.8172795838851	-0.68922012457854	13.2129032258065	26.4838709677419
HGDP00884		-87.5461814692852	-81.4951663678293	-1.08563451158323	0.122225572974822	13.2129032258065	26.4838709677419
HGDP00885		-65.5147124915611	-55.9971247277032	7.22237924613106	2.20362840178933	13.2129032258065	26.4838709677419
HGDP00886		-134.09601125841	-106.064954980548	12.6814156329825	2.06659166885424	13.2129032258065	26.4838709677419
HGDP00887		-96.3925517958607	-93.5262769477611	8.05503949941859	6.19441746897214	13.2129032258065	26.4838709677419
HGDP00888		-103.273789714762	-92.9132130580723	-2.87196211135212	-3.39587296812864	13.2129032258065	26.4838709677419
HGDP00889		-123.835673873333	-98.6259092905487	-1.08144030995477	-2.37672407658518	13.2129032258065	26.4838709677419
HGDP00890		-136.943036202095	-116.37376523039	6.51539508499936	-0.218185870785464	13.2129032258065	26.4838709677419
HGDP00891		-140.634313794372	-119.625170771037	13.8725372828296	5.05018952994039	13.2129032258065	26.4838709677419
HGDP00892		-99.8306731229238	-92.1795135888867	6.49115782843513	-1.29486062595904	13.2129032258065	26.4838709677419
HGDP00893		-100.626751033288	-101.039094487395	9.22943223533667	-2.30738759342276	13.2129032258065	26.4838709677419
HGDP00894		-118.353303979222	-100.804078040063	11.2386264843575	2.88475608733354	13.2129032258065	26.4838709677419
HGDP00895		-114.872923758678	-107.779049162657	9.74978940398234	-2.89799857072605	13.2129032258065	26.4838709677419
HGDP00896		-117.828515612736	-117.516243258339	19.3303997003934	6.27601537691307	13.2129032258065	26.4838709677419
HGDP00897		-100.903147679419	-87.5248337181643	2.10724787526728	-5.12506519020657	13.2129032258065	26.4838709677419
HGDP00898		-128.555663096393	-116.37450117741	0.169300026663372	-4.57284306795143	13.2129032258065	26.4838709677419
HGDP00899		-116.494629759167	-100.042924405304	1.16087329058321	-1.24718707356809	13.2129032258065	26.4838709677419
HGDP00900		-37.4367769068535	-28.9016126089462	10.6514337115793	0.929160698105126	13.2129032258065	26.4838709677419
HGDP00901		-118.177589016274	-93.0525059381406	1.81261330718194	-2.07033511265187	13.2129032258065	26.4838709677419
HGDP00902		-81.4065204176368	-57.0565010407861	11.94854199599	0.220370400702528	13.2129032258065	26.4838709677419
HGDP00903		-81.6849218984503	-82.3552840410029	4.11068703217612	-3.06698806986874	13.2129032258065	26.4838709677419
HGDP01062		19.1857547065276	17.5836611404707	8.28502517053471	-2.51131307829164	-7.78709677419355	-4.51612903225806
HGDP01063		39.163134310395	28.1689549233034	-1.56254725594369	-2.3304426291246	-7.78709677419355	-4.51612903225806
HGDP01064		8.91187434752902	4.68100847944064	5.22181610249664	-5.1006187351346	-7.78709677419355	-4.51612903225806
HGDP01065		34.2730674158355	25.7381594514999	-0.417999951879353	0.552779742982471	-7.78709677419355	-4.51612903225806
HGDP01066		17.5195340023769	16.3663351468256	2.62420543203496	-7.34230468760915	-7.78709677419355	-4.51612903225806
HGDP01067		10.0976238767729	14.6168838993552	2.35764633885202	0.36956921332216	-7.78709677419355	-4.51612903225806
HGDP01068		55.9532863214747	50.0700655155814	5.69722061638108	-0.866885391887003	-7.78709677419355	-4.51612903225806
HGDP01069		58.1826590393083	43.6084435509284	2.11074592393373	0.664335131318585	-7.78709677419355	-4.51612903225806
HGDP01070		29.225836957734	22.0563378878736	-8.97788266114798	-3.81594884111056	-7.78709677419355	-4.51612903225806
HGDP01071		46.7534716989524	39.9601992416607	4.68544651991284	-4.54682934243542	-7.78709677419355	-4.51612903225806
HGDP01072		49.8902323223291	43.5601455273751	5.44478272846242	-3.58108005124553	-7.78709677419355	-4.51612903225806
HGDP01073		1.93768364331683	-0.600319790496622	8.45393944891053	-4.97399083612307	-7.78709677419355	-4.51612903225806
HGDP01074		15.657372501734	0.492821376362558	11.1421972897454	3.42054688782722	-7.78709677419355	-4.51612903225806
HGDP01075		17.4390746624805	18.7429046691127	0.810818017183232	-3.82662050189487	-7.78709677419355	-4.51612903225806
HGDP01076		29.6484509639258	28.2537914730346	8.77160734165284	0.661855308965792	-7.78709677419355	-4.51612903225806
HGDP01077		28.6051600151445	23.8254539100711	11.39596963996	1.2807307454162	-7.78709677419355	-4.51612903225806
HGDP01078		39.9505557834187	21.7763721104385	-7.0885977928507	-9.97328851417556	-7.78709677419355	-4.51612903225806
HGDP01079		28.186246841876	30.8419087002685	8.74754002996311	-4.56510240063975	-7.78709677419355	-4.51612903225806
HGDP01149		37.075417860433	27.4217015712752	2.38949921168115	2.14159493810513	-1.78709677419355	-3.51612903225806
HGDP01151		25.043116786681	21.062632442063	0.637212032753564	-3.32754261911342	-1.78709677419355	-3.51612903225806
HGDP01152		12.6126102449227	1.39177915478965	-2.70645409540571	4.30254469319588	-1.78709677419355	-3.51612903225806
HGDP01153		25.8993518086653	20.8761156194429	-2.45748026114797	-1.3986960262192	-1.78709677419355	-3.51612903225806
HGDP01155		4.41964563058638	10.9513895232975	-8.21168363368223	-4.23464440947657	-1.78709677419355	-3.51612903225806
HGDP01156		21.5492517009896	25.1483278409307	2.73497400630544	1.77874282771235	-1.78709677419355	-3.51612903225806
HGDP01157		25.883050468827	27.3114745609885	-5.84035076114799	-0.696744649456393	-1.78709677419355	-3.51612903225806
HGDP01161		28.9360633234771	21.907537296972	0.989298565937706	-5.04468214504112	-4.78709677419355	-2.51612903225806
HGDP01162		18.7888604539307	-4.26606580214878	2.23322173885203	-0.0534268018948783	-4.78709677419355	-2.51612903225806
HGDP01163		6.05868567293694	11.3034974172749	7.26139263186758	2.1376450109012	-4.78709677419355	-2.51612903225806
HGDP01164		16.9030315012655	11.564233604893	-1.80215066449674	-5.04105895737743	-4.78709677419355	-2.51612903225806
HGDP01166		9.15295694780432	2.25888753288862	-8.01749212598465	1.46633638381941	-4.78709677419355	-2.51612903225806
HGDP01167		7.0445851299283	6.92135860172349	-7.28537157491921	-0.454555546094299	-4.78709677419355	-2.51612903225806
HGDP01168		0.506855387264072	-3.39820132443507	-2.09514460175992	-4.2165455262192	-4.78709677419355	-2.51612903225806
HGDP01169		-0.829882445687298	-7.10382800184191	12.6345248335062	4.36694068280667	-4.78709677419355	-2.51612903225806
HGDP01171		33.2840421927221	31.1397121404945	-5.23500260264909	0.430722098105125	-1.78709677419355	-3.51612903225806
HGDP01172		21.5474211720546	0.236538891029297	-11.9701940450406	-5.00764890189487	-1.78709677419355	-3.51612903225806
HGDP01173		13.2554365606021	18.3655861347509	6.47925493211565	2.94840404539596	-1.78709677419355	-3.51612903225806
HGDP01174		59.5543309991762	54.0037427846951	2.5576763905909	6.85111358455164	-1.78709677419355	-3.51612903225806
HGDP01177		21.3995279441426	23.3951409632158	-4.74215958588431	2.50335041245919	-1.78709677419355	-3.51612903225806
HGDP01357		33.6141980966537	24.9098920061373	-7.21335024025603	1.59389498375842	-4.78709677419355	-13.5161290322581
HGDP01358		49.4441633958397	57.0706625133026	-9.5900038225788	1.55167851521285	-4.78709677419355	-13.5161290322581
HGDP01359		33.7595526110824	34.631324810672	1.24426894197923	1.58872711187135	-4.78709677419355	-13.5161290322581
HGDP01360		53.0705554102291	45.4052386715968	-8.54919131000635	-5.57395514280397	-4.78709677419355	-13.5161290322581
HGDP01361		49.0079580182802	45.3410364597044	-13.7963462505597	-4.32094788221659	-4.78709677419355	-13.5161290322581
HGDP01362		58.1013299449735	63.2193304469021	-5.07825708890193	0.939577085528229	-4.78709677419355	-13.5161290322581
HGDP01363		61.0163974330713	64.6318619819808	-2.84325186647437	1.46294715944502	-4.78709677419355	-13.5161290322581
HGDP01364		53.8723691939307	54.2714215378512	-13.5983383581538	-1.0204486361054	-4.78709677419355	-13.5161290322581
HGDP01365		32.2858831672641	29.2967670645179	1.26073002341578	0.628772257280671	-4.78709677419355	-13.5161290322581
HGDP01366		45.3146777006866	52.773013652262	-9.08492091307952	-4.37324675506524	-4.78709677419355	-13.5161290322581
HGDP01367		53.1464438920689	53.029822641045	-4.64040847624588	-1.30037132414233	-4.78709677419355	-13.5161290322581
HGDP01368		66.8429278860355	56.0077995749356	-2.72850852640402	-1.73506540189487	-4.78709677419355	-13.5161290322581
HGDP01369		42.8784727241777	36.1405404919616	-4.28754800857775	-2.37703190715803	-4.78709677419355	-13.5161290322581
HGDP01370		47.7160740587185	40.7947001252869	-5.20577917469223	-1.61583071058213	-4.78709677419355	-13.5161290322581
HGDP01372		52.1782604022035	48.2391324160942	-7.51996197914763	-0.859531750596177	-4.78709677419355	-13.5161290322581
HGDP01373		64.9575770762697	70.214688512739	-15.6048729743193	-4.04530876961833	-4.78709677419355	-13.5161290322581
HGDP01374		61.7482517780591	60.1376771844441	-3.60382796137209	-0.90936700607178	-4.78709677419355	-13.5161290322581
HGDP01375		72.3090051942759	61.8459340069756	-9.44176118760974	0.336254044734734	-4.78709677419355	-13.5161290322581
HGDP01376		45.7303667729215	44.2869556390056	0.440377097293583	2.02125234717038	-4.78709677419355	-13.5161290322581
HGDP01377		68.1766241126278	73.5013847590984	-1.30082121255857	-0.18072478371306	-4.78709677419355	-13.5161290322581
HGDP01378		53.8970170579445	57.8873251237866	-5.15481276283803	2.08960333012609	-4.78709677419355	-13.5161290322581
HGDP01379		41.2496198404609	27.4553473721834	2.57083092777922	2.35412536904138	-4.78709677419355	-13.5161290322581
HGDP01380		65.2693016084253	66.0215040701134	-6.5650036413224	-0.114173958478086	-4.78709677419355	-13.5161290322581
HGDP01382		-87.56090252035	-82.7782116931062	5.15213085151916	2.37449587810207	-3.78709677419355	25.4838709677419
HGDP01383		-92.5574888294687	-95.6182119380986	9.4890949943003	3.93203981350037	-3.78709677419355	25.4838709677419
HGDP01384		-239.704774628514	-230.344263348196	-2.08200248227123	-0.973042474965114	-3.78709677419355	25.4838709677419
HGDP01385		-142.64137924076	-120.23772830975	21.7028826073682	5.76479891268826	-3.78709677419355	25.4838709677419
HGDP01386		-131.490334505942	-125.762801578942	-4.09631836206889	1.15514549354422	-3.78709677419355	25.4838709677419
HGDP01387		-106.079193087043	-107.084593696512	-7.20830283690555	0.897610796964828	-3.78709677419355	25.4838709677419
HGDP01388		-161.803272213172	-163.787594506983	7.48783565189182	0.808953523415994	-3.78709677419355	25.4838709677419
HGDP01396		-123.696222739803	-108.644882712067	6.75613169795436	1.94023876224108	-3.78709677419355	25.4838709677419
HGDP01397		-236.65182146407	-227.258509635003	11.1909969394306	0.924075008562641	-3.78709677419355	25.4838709677419
HGDP01398		-104.218133612182	-101.073836364151	-1.20951007695736	4.14782650711316	-3.78709677419355	25.4838709677419
HGDP01399		-95.1366112652068	-99.5231663263393	1.4772004593415	4.50132144477179	-3.78709677419355	25.4838709677419
HGDP01400		-126.346832294034	-127.979071473294	-2.25715095634541	-4.21506573856567	-3.78709677419355	25.4838709677419
HGDP01401		-96.8922250490296	-96.7532316764012	9.84610588793246	5.43545452172543	-3.78709677419355	25.4838709677419
HGDP01402		-104.805040579403	-84.8485198437382	0.530719304969606	2.62764629810512	-3.78709677419355	25.4838709677419
HGDP01403		-85.7647985082264	-61.407655292211	5.72419968926138	1.92767775951066	-3.78709677419355	25.4838709677419
HGDP01404		-187.350177059075	-180.576430114383	17.5021694226906	11.0066417806604	-3.78709677419355	25.4838709677419
